卡车数量 -- non-pri
1辆卡车
(49.514624861259385, 56, 56, 4)
(48.40487497395938, 47, 47, 3)
(48.122599708959385, 38, 38, 2)
(47.6647200915525, 28, 28, 5)
(46.70839890989977, 9, 9, 3)
(46.3003605909558, 0, 0, 2)
(47.261078519346974, 23, 23, 2)

2辆卡车
(96.79026640392577, 89, 89, 5)
(96.25427059405911, 76, 76, 4)
(94.62304070293229, 46, 46, 6)
(95.22388248567113, 53, 53, 5)
(95.7170414540591, 70, 70, 4)
(94.60128973519743, 38, 38, 5)
(98.44083110298047, 100, 100, 6)
(94.05064649953496, 28, 28, 6)
(90.65966184362426, 20, 20, 7)
(101.10236775391382, 104, 104, 7)
(96.52758662599396, 78, 78, 5)

3辆卡车
(142.99326118013565, 80, 80, 9)
(141.4643738351192, 54, 54, 7)
(140.80705056889676, 43, 43, 8)
(141.90845023283583, 62, 62, 7)
(144.62721986794418, 101, 101, 7)
(143.60447248345858, 88, 88, 7)
(144.12418037780174, 98, 98, 8)
(143.2242904485319, 82, 82, 9)
(142.35738464389857, 74, 74, 7)
(137.1386509691821, 41, 32.292362217770346, 7)
(145.742312787385, 114, 109.98880273118624, 9)
(147.22547414987977, 119, 119, 10)
(146.85921391444646, 117, 117, 10)
(148.6575701300131, 121, 121, 10)
(140.6410483782837, 35, 35, 8)

4辆卡车
(187.9637587763371, 45, 45, 7)
(188.75099352263547, 63, 60.78344908709764, 13)
(189.7846358220199, 88, 88, 9)
(190.91605215123158, 100, 100, 10)
(190.32412012978983, 97, 97, 10)
(189.43860129135652, 80, 80, 8)
(199.27729625415424, 151, 148.78344908709764, 13)
(191.2280356769334, 111, 111, 9)
(191.35913294528376, 125, 122.78344908709764, 10)
(192.59194220167393, 145, 142.78344908709764, 12)
(191.81058251719884, 128, 125.78344908709764, 11)
(193.40142236588378, 149, 146.78344908709764, 12)
(192.1771970743171, 142, 139.78344908709764, 12)
(200.84882063615422, 157, 154.78344908709764, 15)
(192.58829712600726, 144, 141.78344908709764, 12)
(183.96667390087563, 46, 31, 8)
(181.32081971784802, 16, 16, 11)

5辆卡车
(245.50732273397875, 172, 167.94568392987892, 19)
(244.9091355633121, 168, 163.94568392987892, 18)
(240.41773667075586, 154, 149.94568392987892, 15)
(243.49208319744793, 164, 159.94568392987892, 17)
(241.37225160875585, 157, 152.94568392987892, 16)
(240.17338844278936, 149, 144.94568392987892, 15)
(238.9125790114109, 132, 129.78344908709764, 14)
(238.27116187928758, 129, 126.78344908709764, 13)
(236.4192643947152, 81, 78.78344908709764, 11)
(237.24067185488832, 109, 96.78344908709764, 15)
(236.58274938762796, 94, 91.78344908709764, 13)
(237.76478007045318, 106, 103.78344908709764, 14)
(238.10819336016058, 118, 115.78344908709764, 14)
(229.70893397043452, 31, 31, 13)
(235.64106450874093, 65, 63.16223484278129, 15)
(235.32090189942343, 54, 54, 12)
(234.54633808216352, 47, 47, 14)
(233.79761600967885, 32, 32, 10)

6辆卡车
(289.2023909774877, 178, 173.98880273118624, 19)
(288.06058095627617, 175, 170.98880273118624, 19)
(283.61146613557236, 101, 92.98880273118624, 15)
(286.6058577494418, 160, 155.98880273118624, 17)
(285.5380870275305, 144, 139.98880273118624, 16)
(288.334367603008, 177, 172.98880273118624, 18)
(284.49754152684096, 123, 114.98880273118624, 15)
(284.78054893677916, 118, 118, 18)
(285.5121950832818, 131, 131, 19)
(282.830195765724, 71, 71, 17)
(282.3715899834731, 59, 59, 15)
(283.3782864873408, 77, 77, 18)
(284.2618213859553, 100, 100, 17)
(285.8676394337265, 147, 141.15103757396753, 16)
(274.5140679007349, 60, 49, 14)
(281.429798120871, 55, 55, 13)
(278.7424735794482, 66, 51, 13)

7辆卡车
(334.5761375791518, 181, 161.77225181828388, 17)
(329.31828540098167, 63, 61.16223484278129, 19)
(330.37673798463555, 102, 100.16223484278129, 19)
(341.71468206299255, 221, 197.72185927919952, 22)
(336.5101561126593, 189, 169.77225181828388, 19)
(320.32177596739837, 60, 60, 10)
(332.7219717383781, 170, 150.77225181828388, 17)
(338.188915649763, 208, 184.72185927919952, 22)
(332.2789103835586, 138, 133.98880273118624, 18)
(340.4782246311963, 216, 192.72185927919952, 22)
(337.86252209059256, 191, 171.77225181828388, 20)
(332.08505802043953, 139, 123.78344908709764, 15)
(341.2781030539926, 218, 194.72185927919952, 21)
(342.47709306781877, 211, 200.72185927919952, 22)
(330.9348083636156, 135, 115.77225181828388, 20)
(317.18535001398936, 29, 29, 15)

8辆卡车
(378.3211541882319, 135, 128.77225181828388, 21)
(377.6158304993771, 100, 93.77225181828388, 20)
(377.79526078563356, 121, 114.77225181828388, 22)
(376.60076557708146, 98, 91.77225181828388, 21)
(380.58816660756906, 149, 142.77225181828388, 23)
(373.9755139584088, 38, 38, 19)
(375.72748487098045, 58, 58, 19)
(374.1586162373579, 40, 40, 18)
(378.9357030442512, 137, 130.77225181828388, 23)
(380.23260321067914, 135, 130.98880273118624, 23)
(385.90577292346273, 184, 171.97958200901815, 24)
(386.5122922621135, 196, 183.97958200901815, 24)
(387.00626950448446, 213, 202.98651980117629, 22)
(392.1482009449891, 218, 203.13515908062226, 23)
(392.89732350147665, 210, 203.99771706999005, 24)
(395.2321091504766, 213, 206.99771706999005, 24)
(383.4917759839935, 170, 157.97958200901815, 21)
(382.3510965480616, 163, 155.1440997818094, 22)
(381.5376365123069, 156, 154.1622348427813, 22)
(383.63257474591734, 182, 168.99771706999005, 21)
(359.6663617752893, 33, 33, 19) 

卡车数量 -- pri
1辆卡车
(48.45470643862605, 51, 51, 2)
(48.33980966122605, 42, 42, 2)
(51.84576784559272, 79, 79, 4)
(48.94134505729272, 58, 58, 4)
(49.73916674139272, 64, 64, 4)
(50.698877618099715, 74, 74, 4)
(49.05454542879971, 59, 59, 3)
(47.46686864383305, 25, 25, 2)
(47.75662543292872, 32, 32, 3)
(48.691363280819175, 56, 56, 4)
(46.978609265325886, 16, 16, 2)
(47.99491175921842, 39, 39, 3)
(46.332039776461876, 0, 0, 2)
(49.58276218941608, 61, 61, 5)
(50.471154095416075, 67, 67, 5)

2辆卡车
(95.13745546999243, 54, 54, 3)
(93.88759250971901, 28, 23.98880273118624, 5)
(94.3546777802387, 37, 37, 5)
(95.03497500443346, 46, 46, 5)
(97.11844699912577, 95, 95, 6)
(96.60518416117031, 82, 82, 6)
(96.3731295980881, 67, 67, 3)
(94.64779867945079, 42, 42, 5)
(95.54228696216569, 61, 61, 6)
(98.71721462971381, 96, 96, 6)
(98.74780761505147, 103, 103, 7)
(97.0445316926848, 84, 84, 6)
(101.29260894015958, 110, 110, 8)
(99.81282731082625, 108, 108, 8)
(93.41139808148287, 10, 10, 5)
(96.34920532033922, 65, 65, 6)
(94.07825038661151, 30, 30, 7)
(92.9131347552977, 0, 0, 3)

3辆卡车
(140.2194014250527, 16, 16, 8)
(140.74009335057548, 27, 27, 8)
(144.52097926185098, 119, 119, 11)
(150.73354983267967, 139, 139, 10)
(148.84509656534635, 134, 134, 10)
(150.68393164501302, 135, 135, 11)
(143.31371018461564, 87, 87, 10)
(142.71077169334637, 75, 75, 9)
(143.8752754431551, 103, 103, 11)
(145.8604862214961, 129, 129, 11)
(142.4119699258618, 72, 72, 9)
(143.66520350982177, 95, 95, 11)
(143.37664604489814, 93, 93, 11)
(143.03968980099978, 79, 79, 10)
(142.06931325267348, 61, 61, 9)
(141.20906639184017, 35, 35, 9)
(141.55587004201786, 56, 46.72079653900307, 9)

4辆卡车
(199.16645481091078, 179, 173.88616936641586, 16)
(190.0363180868987, 93, 88.98880273118624, 10)
(189.35857831126026, 79, 74.98880273118624, 9)
(192.29361389792717, 128, 123.98880273118624, 11)
(197.03183118261256, 149, 143.15103757396753, 13)
(195.93538718341256, 143, 137.15103757396753, 12)
(199.25796174995128, 189, 181.6696184535135, 15)
(197.5546284599846, 158, 150.6696184535135, 11)
(198.50560748553568, 154, 152.1622348427813, 16)
(189.1071852131998, 57, 57, 10)
(186.78337741681264, 40, 40, 10)

5辆卡车

6辆卡车

7辆卡车

8辆卡车